0 452844.4401 2439457.421
1 452855.0863 2439456.86
2 452859.8003 2439456.489
3 452863.9559 2439455.533
4 452867.2417 2439455.361
5 452872.4021 2439455.948
6 452901.254 2439459.728
7 452967.0281 2439454.762
8 453044.0517 2439449.289
9 453085.1985 2439443.613
10 453111.85 2439439.28
11 453137.392 2439433.579
12 453157.1546 2439430.133
13 453168.7081 2439428.005
14 453176.9172 2439426.181
15 453191.0044 2439421.924
16 453201.0377 2439420.505
17 453215.3155 2439419.84
18 453224.4488 2439420.404
19 453231.6445 2439419.39
20 453244.9209 2439419.897
21 453266.1899 2439417.777
22 453287.7907 2439416.147
23 453348.1933 2439410.775
24 453397.6507 2439413.714
25 453402.5154 2439414.525
26 453404.6534 2439414.422
27 453407.7854 2439413.106
28 453432.4126 2439402.971
29 453445.7903 2439398.512
30 453460.9923 2439395.37
31 453470.7216 2439394.356
32 453478.12 2439394.356
33 453480.5522 2439393.444
34 453494.3353 2439384.323
35 453515.618 2439375.404
36 453571.3584 2439347.939
37 453629.1256 2439313.987
38 453665.7115 2439294.022
39 453682.3323 2439285.712
40 453752.4273 2439242.216
41 453850.7528 2439160.575
42 453957.0417 2439088.547
43 453966.3719 2439084.049
44 453974.2544 2439082
45 454193.587 2439056.817
46 454214.9603 2439055.173
47 454226.4133 2439054.41
48 454244.7275 2439058.599
49 454282.7089 2439084.053
50 454290.5956 2439087.044
51 454298.4824 2439088.948
52 454468.9991 2439085.955
53 454486.6763 2439087.587
54 454514.1441 2439100.912
55 454538.0765 2439114.782
56 454550.8586 2439121.037
57 454573.975 2439128.108
58 454590.8364 2439130.827
59 454618.0625 2439124.765
60 454762.0467 2439061.552
61 454861.125 2439024.227
62 454867.1534 2439022.814
63 454881.4485 2439022.219
64 454895.8752 2439020.622
65 454918.6738 2439012.385
66 454939.7448 2439008.171
67 454962.9229 2439004.659
68 454981.1844 2439003.957
69 454989.9723 2439003.032
70 454994.222 2439001.096
71 455000.2003 2438996.612
72 455059.4642 2438924.613
73 455069.1951 2438912.922
74 455077.2309 2438904.452
75 455087.6558 2438895.547
76 455092.1566 2438892.982
77 455097.8635 2438892.507
78 455103.5105 2438893.158
79 455119.2278 2438896.772
80 455123.9262 2438897.502
81 455128.6798 2438896.494
82 455148.2509 2438873.394
83 455175.168 2438845.471
84 455246.6759 2438798.865
85 455294.2011 2438769.796
86 455384.3029 2438697.379
87 455393.3543 2438690.813
88 455396.2785 2438689.295
89 455398.9323 2438688.334
90 455401.2241 2438688.528
91 455406.1116 2438690.7
92 455413.8377 2438695.616
93 455489.5223 2438751.588
94 455505.8659 2438764.092
95 455520.917 2438782.982
96 455535.3061 2438798.679
97 455580.2179 2438847.514
98 455606.3802 2438878.035
99 455630.7984 2438910.301
100 455643.4435 2438925.998
101 455668.2976 2438953.032
102 455682.2509 2438973.089
103 455692.2543 2438987.808
104 455702.6355 2439002.514
105 455720.2835 2439021.546
106 455731.7028 2439032.619
107 455754.1952 2439050.612
108 455765.9699 2439061.166
109 455776.8707 2439069.015
110 455799.3531 2439082.274
111 455807.9965 2439086.773
112 455821.1532 2439091.444
113 455842.7804 2439097.326
114 455953.2521 2439137.379
115 455980.3004 2439146.204
116 456034.1056 2439167.057
117 456051.8531 2439173.572
118 456065.2691 2439177.328
119 456079.2219 2439179.654
120 456095.8578 2439181.979
121 456115.3558 2439184.662
122 456118.6976 2439184.876
123 456124.7699 2439185.9
124 456130.6516 2439187.725
125 456136.2375 2439190.317
126 456141.4282 2439193.63
127 456146.1309 2439197.606
128 456150.2617 2439202.173
129 456153.747 2439207.25
130 456156.5244 2439212.746
131 456158.5445 2439218.564
132 456159.7712 2439224.598
133 456159.8976 2439225.625
134 456162.581 2439234.748
135 456167.2321 2439246.733
136 456172.5987 2439258.181
137 456178.144 2439267.304
138 456185.2708 2439278.431
139 456195.1381 2439291.99
140 456206.4078 2439308.446
141 456235.745 2439359.606
142 456245.5837 2439377.494
143 456253.2757 2439388.942
144 456262.0411 2439399.138
145 456271.5218 2439407.724
146 456286.5479 2439418.815
147 456302.4684 2439428.653
148 456335.3828 2439451.013
149 456380.2824 2439487.146
150 456408.0092 2439515.588
151 456438.4194 2439550.47
152 456453.9824 2439572.83
153 456465.0732 2439590.896
154 456472.2228 2439608.254
155 456480.0329 2439629.08
156 456496.5575 2439671.392
157 456512.6573 2439708.778
158 456528.578 2439732.39
159 456551.475 2439759.222
160 456580.6332 2439799.649
161 456604.067 2439833.457
162 456611.5012 2439846.191
163 456617.2286 2439856.864
164 456619.3113 2439864.934
165 456619.5717 2439872.744
166 456618.5123 2439883.625
167 456615.159 2439918.067
168 456611.0451 2439941.5
169 456611.2241 2439950.444
170 456614.9808 2439967.974
171 456618.7376 2439982.643
172 456619.2743 2439991.05
173 456618.38 2440002.498
174 456614.8027 2440016.272
175 456607.8597 2440049.505
176 456603.4346 2440079.183
177 456603.1767 2440098.199
178 456600.3149 2440115.729
179 456598.884 2440125.747
180 456599.5997 2440135.227
181 456602.8198 2440155.977
182 456607.6498 2440171.361
183 456611.2277 2440185.314
184 456612.48 2440197.299
185 456611.0574 2440210.497
186 456612.6592 2440225.562
187 456615.3426 2440237.725
188 456621.6036 2440248.637
189 456629.9277 2440260.612
190 456648.4322 2440276.032
191 456660.5794 2440283.408
192 456678.2817 2440292.78
193 456683.4883 2440296.164
194 456687.914 2440302.932
195 456686.318 2440310.692
196 456680.6253 2440336.254
197 456680.6987 2440343.601
198 456679.8448 2440371.138
199 456676.8423 2440383.526
200 456661.5251 2440418.339
201 456646.208 2440450.367
202 456635.7643 2440463.248
203 456623.9281 2440475.781
204 456612.7881 2440487.965
205 456603.7369 2440495.624
206 456594.6857 2440501.542
207 456581.1087 2440507.809
208 456573.1017 2440511.986
209 456566.4874 2440518.601
210 456564.433 2440526.259
211 456562.6582 2440532.874
212 456559.5259 2440585.442
213 456558.4827 2440665.511
214 456563.0242 2440748.297
215 456557.5021 2440820.523
216 456552.4045 2440868.108
217 456548.1568 2440924.614
218 456550.2814 2440944.582
219 456554.955 2440955.204
220 456599.9911 2441012.984
221 456600.8947 2441014.035
222 456604.1791 2441017.029
223 456607.9578 2441019.368
224 456612.102 2441020.974
225 456616.4706 2441021.79
226 456620.9148 2441021.79
227 456625.2834 2441020.974
228 456629.4275 2441019.368
229 456633.2061 2441017.029
230 456636.4904 2441014.035
231 456638.6533 2441011.285
232 456668.8237 2440972.885
233 456735.137 2440894.608
234 456784.2967 2440837.704
235 456795.1233 2440828.054
236 456802.0641 2440822.611
237 456821.7192 2440815.933
238 456837.4885 2440812.167
239 456844.3232 2440811.038
