1.000000000000000000e+00 0.000000000000000000e+00 7.048855905998763216e-02
1.000000000000000000e+00 1.000000000000000000e+00 5.482993197278911851e-02
1.000000000000000000e+00 1.000000000000000000e+00 3.525046382189239019e-02
1.000000000000000000e+00 1.000000000000000000e+00 3.009276437847866262e-02
1.000000000000000000e+00 0.000000000000000000e+00 7.235621521335806883e-02
1.000000000000000000e+00 1.000000000000000000e+00 6.514533085961657366e-02
1.000000000000000000e+00 1.000000000000000000e+00 2.700061842918985780e-02
0.000000000000000000e+00 1.000000000000000000e+00 3.569573283858998303e-02
1.000000000000000000e+00 1.000000000000000000e+00 4.769325912183054739e-02
1.000000000000000000e+00 1.000000000000000000e+00 1.569696969696969813e-01
1.000000000000000000e+00 1.000000000000000000e+00 3.772418058132343682e-02
1.000000000000000000e+00 1.000000000000000000e+00 2.906617192331478056e-02
1.000000000000000000e+00 1.000000000000000000e+00 3.615337043908472409e-02
1.000000000000000000e+00 0.000000000000000000e+00 2.106369820655534797e-02
1.000000000000000000e+00 1.000000000000000000e+00 1.421150278293135429e-02
1.000000000000000000e+00 0.000000000000000000e+00 5.936920222634508443e-02
0.000000000000000000e+00 0.000000000000000000e+00 4.155844155844155841e-02
1.000000000000000000e+00 1.000000000000000000e+00 5.858998144712430217e-02
1.000000000000000000e+00 1.000000000000000000e+00 3.030303030303030387e-02
0.000000000000000000e+00 1.000000000000000000e+00 9.288806431663575169e-02
1.000000000000000000e+00 1.000000000000000000e+00 7.179962894248607952e-02
0.000000000000000000e+00 1.000000000000000000e+00 3.030303030303030387e-02
0.000000000000000000e+00 1.000000000000000000e+00 3.976499690785405272e-02
1.000000000000000000e+00 1.000000000000000000e+00 1.163883735312306739e-01
1.000000000000000000e+00 1.000000000000000000e+00 3.276437847866419534e-02
1.000000000000000000e+00 1.000000000000000000e+00 5.041434755720469729e-02
1.000000000000000000e+00 0.000000000000000000e+00 1.598021026592455138e-02
1.000000000000000000e+00 0.000000000000000000e+00 4.452690166975881159e-02
1.000000000000000000e+00 0.000000000000000000e+00 3.731601731601731642e-02
1.000000000000000000e+00 0.000000000000000000e+00 5.617810760667903830e-02
1.000000000000000000e+00 1.000000000000000000e+00 4.143475572047000677e-02
1.000000000000000000e+00 0.000000000000000000e+00 1.527520098948670357e-01
1.000000000000000000e+00 1.000000000000000000e+00 2.628324056895485483e-02
0.000000000000000000e+00 1.000000000000000000e+00 2.075448361162646888e-02
1.000000000000000000e+00 1.000000000000000000e+00 4.350030921459492605e-02
1.000000000000000000e+00 0.000000000000000000e+00 4.967223252937538747e-02
1.000000000000000000e+00 0.000000000000000000e+00 4.450216450216450126e-02
1.000000000000000000e+00 0.000000000000000000e+00 4.267161410018553008e-02
1.000000000000000000e+00 0.000000000000000000e+00 2.040816326530612082e-02
1.000000000000000000e+00 1.000000000000000000e+00 4.688930117501546174e-02
1.000000000000000000e+00 1.000000000000000000e+00 5.621521335807050379e-02
1.000000000000000000e+00 0.000000000000000000e+00 4.032158317872603509e-02
1.000000000000000000e+00 1.000000000000000000e+00 6.801484230055658553e-02
1.000000000000000000e+00 1.000000000000000000e+00 7.014223871366728758e-02
0.000000000000000000e+00 1.000000000000000000e+00 3.085961657390228971e-02
1.000000000000000000e+00 0.000000000000000000e+00 4.761904761904761640e-02
1.000000000000000000e+00 1.000000000000000000e+00 2.199134199134199219e-02
1.000000000000000000e+00 0.000000000000000000e+00 3.631416202844774122e-02
1.000000000000000000e+00 0.000000000000000000e+00 5.046382189239331795e-02
1.000000000000000000e+00 1.000000000000000000e+00 5.523809523809523891e-02
0.000000000000000000e+00 1.000000000000000000e+00 1.403834260977118165e-01
1.000000000000000000e+00 1.000000000000000000e+00 3.163883735312306850e-02
1.000000000000000000e+00 1.000000000000000000e+00 2.451453308596165601e-02
1.000000000000000000e+00 1.000000000000000000e+00 3.977736549165120788e-02
1.000000000000000000e+00 1.000000000000000000e+00 9.808286951144093435e-02
1.000000000000000000e+00 1.000000000000000000e+00 3.966604823747681141e-02
1.000000000000000000e+00 1.000000000000000000e+00 2.906617192331478056e-02
1.000000000000000000e+00 1.000000000000000000e+00 3.560915275200989688e-02
0.000000000000000000e+00 1.000000000000000000e+00 3.041434755720470035e-02
0.000000000000000000e+00 1.000000000000000000e+00 5.930735930735930861e-02
0.000000000000000000e+00 0.000000000000000000e+00 4.967223252937538747e-02
1.000000000000000000e+00 1.000000000000000000e+00 6.896722325293754008e-02
0.000000000000000000e+00 0.000000000000000000e+00 3.772418058132343682e-02
1.000000000000000000e+00 1.000000000000000000e+00 1.311069882498454020e-01
1.000000000000000000e+00 1.000000000000000000e+00 8.596165739022881835e-02
0.000000000000000000e+00 0.000000000000000000e+00 5.132962275819418635e-02
1.000000000000000000e+00 1.000000000000000000e+00 3.782312925170067813e-02
1.000000000000000000e+00 1.000000000000000000e+00 2.133580705009276504e-02
1.000000000000000000e+00 0.000000000000000000e+00 4.143475572047000677e-02
0.000000000000000000e+00 1.000000000000000000e+00 5.695732838589981362e-02
1.000000000000000000e+00 1.000000000000000000e+00 6.327767470624613699e-02
1.000000000000000000e+00 0.000000000000000000e+00 4.452690166975881159e-02
1.000000000000000000e+00 0.000000000000000000e+00 4.452690166975881159e-02
1.000000000000000000e+00 1.000000000000000000e+00 1.051329622758194124e-02
0.000000000000000000e+00 1.000000000000000000e+00 3.731601731601731642e-02
1.000000000000000000e+00 0.000000000000000000e+00 4.571428571428571425e-02
1.000000000000000000e+00 1.000000000000000000e+00 2.776747062461348142e-02
1.000000000000000000e+00 1.000000000000000000e+00 1.518862090290661743e-02
1.000000000000000000e+00 1.000000000000000000e+00 4.747062461348175444e-02
1.000000000000000000e+00 0.000000000000000000e+00 2.740878169449598167e-02
1.000000000000000000e+00 1.000000000000000000e+00 2.906617192331478056e-02
1.000000000000000000e+00 0.000000000000000000e+00 1.040940012368583856e-01
1.000000000000000000e+00 1.000000000000000000e+00 6.858379715522572306e-02
1.000000000000000000e+00 1.000000000000000000e+00 3.473098330241187331e-02
1.000000000000000000e+00 1.000000000000000000e+00 7.544836116264687365e-02
1.000000000000000000e+00 1.000000000000000000e+00 3.862708719851577072e-02
1.000000000000000000e+00 0.000000000000000000e+00 4.926406926406926706e-02
1.000000000000000000e+00 0.000000000000000000e+00 4.291898577612863336e-02
1.000000000000000000e+00 1.000000000000000000e+00 2.886827458256029794e-02
1.000000000000000000e+00 1.000000000000000000e+00 2.259740259740259868e-02
1.000000000000000000e+00 1.000000000000000000e+00 4.994434137291280107e-02
1.000000000000000000e+00 1.000000000000000000e+00 1.990105132962275911e-02
1.000000000000000000e+00 1.000000000000000000e+00 5.118119975262832438e-02
1.000000000000000000e+00 0.000000000000000000e+00 5.804576376004947497e-02
1.000000000000000000e+00 1.000000000000000000e+00 1.669758812615955434e-01
1.000000000000000000e+00 1.000000000000000000e+00 5.568336425479282481e-02
1.000000000000000000e+00 1.000000000000000000e+00 3.589363017934446565e-02
1.000000000000000000e+00 1.000000000000000000e+00 1.393568336425479171e-01
1.000000000000000000e+00 0.000000000000000000e+00 8.884353741496599233e-02
0.000000000000000000e+00 1.000000000000000000e+00 4.514533085961657671e-02
1.000000000000000000e+00 1.000000000000000000e+00 2.376004947433518755e-02
1.000000000000000000e+00 0.000000000000000000e+00 6.389610389610389518e-02
1.000000000000000000e+00 1.000000000000000000e+00 3.437229437229437357e-02
0.000000000000000000e+00 1.000000000000000000e+00 4.232529375386518550e-02
1.000000000000000000e+00 0.000000000000000000e+00 9.030303030303030165e-02
1.000000000000000000e+00 0.000000000000000000e+00 6.060606060606060774e-02
1.000000000000000000e+00 1.000000000000000000e+00 1.785157699443413737e-01
1.000000000000000000e+00 1.000000000000000000e+00 3.731601731601731642e-02
1.000000000000000000e+00 1.000000000000000000e+00 6.701298701298701033e-02
1.000000000000000000e+00 0.000000000000000000e+00 1.268769325912182944e-01
1.000000000000000000e+00 1.000000000000000000e+00 6.823747680890537848e-02
1.000000000000000000e+00 0.000000000000000000e+00 4.967223252937538747e-02
0.000000000000000000e+00 0.000000000000000000e+00 2.457637600494743182e-02
1.000000000000000000e+00 1.000000000000000000e+00 3.471861471861471815e-02
1.000000000000000000e+00 1.000000000000000000e+00 5.132962275819418635e-02
1.000000000000000000e+00 1.000000000000000000e+00 2.925541125541125664e-01
1.000000000000000000e+00 0.000000000000000000e+00 4.594928880643166236e-02
0.000000000000000000e+00 1.000000000000000000e+00 1.281756338899195935e-01
1.000000000000000000e+00 0.000000000000000000e+00 2.305504019789733974e-02
1.000000000000000000e+00 0.000000000000000000e+00 3.176252319109462013e-02
1.000000000000000000e+00 1.000000000000000000e+00 4.092764378478664505e-02
1.000000000000000000e+00 0.000000000000000000e+00 5.868893011750154348e-02
1.000000000000000000e+00 1.000000000000000000e+00 4.761904761904761640e-02
1.000000000000000000e+00 1.000000000000000000e+00 5.482993197278911851e-02
1.000000000000000000e+00 1.000000000000000000e+00 3.915893630179344276e-02
0.000000000000000000e+00 0.000000000000000000e+00 1.836611008039579496e-01
1.000000000000000000e+00 1.000000000000000000e+00 5.009276437847866303e-02
1.000000000000000000e+00 1.000000000000000000e+00 6.050711193568336643e-02
1.000000000000000000e+00 0.000000000000000000e+00 6.514533085961657366e-02
1.000000000000000000e+00 0.000000000000000000e+00 8.410636982065552991e-02
1.000000000000000000e+00 1.000000000000000000e+00 3.151515151515151686e-02
1.000000000000000000e+00 1.000000000000000000e+00 1.435621521335807005e-01
1.000000000000000000e+00 1.000000000000000000e+00 2.696351267779839231e-02
1.000000000000000000e+00 1.000000000000000000e+00 1.820160791589363058e-01
1.000000000000000000e+00 1.000000000000000000e+00 1.716759431045145404e-02
1.000000000000000000e+00 0.000000000000000000e+00 1.218305504019789737e-01
1.000000000000000000e+00 1.000000000000000000e+00 5.825602968460111275e-02
0.000000000000000000e+00 0.000000000000000000e+00 7.578231292517007001e-02
1.000000000000000000e+00 1.000000000000000000e+00 3.001855287569573164e-02
1.000000000000000000e+00 0.000000000000000000e+00 1.115151515151515116e-01
1.000000000000000000e+00 1.000000000000000000e+00 2.635745207173778581e-02
1.000000000000000000e+00 0.000000000000000000e+00 3.839208410636982260e-02
0.000000000000000000e+00 1.000000000000000000e+00 4.928756957328385702e-01
1.000000000000000000e+00 1.000000000000000000e+00 1.161162646876932603e-01
1.000000000000000000e+00 0.000000000000000000e+00 3.500309214594928692e-02
1.000000000000000000e+00 1.000000000000000000e+00 5.482993197278911851e-02
1.000000000000000000e+00 1.000000000000000000e+00 2.118738404452690308e-02
1.000000000000000000e+00 1.000000000000000000e+00 9.626468769325911834e-02
0.000000000000000000e+00 1.000000000000000000e+00 3.635126777983920671e-02
1.000000000000000000e+00 1.000000000000000000e+00 4.968460111317254263e-02
1.000000000000000000e+00 1.000000000000000000e+00 1.134570191713048792e-01
1.000000000000000000e+00 1.000000000000000000e+00 4.399505256648113954e-02
1.000000000000000000e+00 1.000000000000000000e+00 5.482993197278911851e-02
1.000000000000000000e+00 1.000000000000000000e+00 2.831168831168831210e-02
0.000000000000000000e+00 0.000000000000000000e+00 2.581323438466295514e-02
1.000000000000000000e+00 1.000000000000000000e+00 9.709338280766852125e-02
1.000000000000000000e+00 1.000000000000000000e+00 2.065553494124922757e-02
1.000000000000000000e+00 1.000000000000000000e+00 6.383797155225726661e-01
1.000000000000000000e+00 1.000000000000000000e+00 4.170686456400742037e-02
1.000000000000000000e+00 1.000000000000000000e+00 6.874458874458874713e-02
1.000000000000000000e+00 1.000000000000000000e+00 5.187384044526901355e-02
1.000000000000000000e+00 1.000000000000000000e+00 4.139764996907854128e-02
1.000000000000000000e+00 1.000000000000000000e+00 2.343846629560915329e-02
0.000000000000000000e+00 1.000000000000000000e+00 6.636982065553494181e-02
1.000000000000000000e+00 1.000000000000000000e+00 4.452690166975881159e-02
0.000000000000000000e+00 0.000000000000000000e+00 2.700061842918985780e-02
0.000000000000000000e+00 1.000000000000000000e+00 7.730364873222016209e-02
1.000000000000000000e+00 1.000000000000000000e+00 5.504019789734075629e-02
1.000000000000000000e+00 1.000000000000000000e+00 4.167717996289425075e-01
1.000000000000000000e+00 1.000000000000000000e+00 4.298082869511440918e-02
1.000000000000000000e+00 1.000000000000000000e+00 4.823376623376623429e-01
0.000000000000000000e+00 1.000000000000000000e+00 2.508348794063079701e-02
1.000000000000000000e+00 1.000000000000000000e+00 6.481137909709337903e-03
1.000000000000000000e+00 1.000000000000000000e+00 1.135188620902906620e-01
1.000000000000000000e+00 0.000000000000000000e+00 5.856524427952999184e-02
1.000000000000000000e+00 0.000000000000000000e+00 1.465677179962894261e-01
1.000000000000000000e+00 1.000000000000000000e+00 7.276437847866419617e-02
1.000000000000000000e+00 0.000000000000000000e+00 4.586270871985157621e-02
1.000000000000000000e+00 0.000000000000000000e+00 4.998144712430426656e-02
1.000000000000000000e+00 1.000000000000000000e+00 3.679653679653679954e-02
1.000000000000000000e+00 0.000000000000000000e+00 1.012121212121212116e-01
1.000000000000000000e+00 0.000000000000000000e+00 2.173160173160173028e-02
1.000000000000000000e+00 0.000000000000000000e+00 1.341991341991342068e-01
1.000000000000000000e+00 1.000000000000000000e+00 3.030303030303030387e-02
0.000000000000000000e+00 0.000000000000000000e+00 5.903525046382189501e-02
1.000000000000000000e+00 1.000000000000000000e+00 4.752009894867037509e-02
1.000000000000000000e+00 1.000000000000000000e+00 4.143475572047000677e-02
1.000000000000000000e+00 1.000000000000000000e+00 4.659245516388373781e-02
1.000000000000000000e+00 0.000000000000000000e+00 5.266542980828695097e-02
1.000000000000000000e+00 0.000000000000000000e+00 3.826839826839827097e-02
1.000000000000000000e+00 0.000000000000000000e+00 4.730983302411873731e-02
1.000000000000000000e+00 0.000000000000000000e+00 2.880643166357452212e-02
1.000000000000000000e+00 0.000000000000000000e+00 4.042053184910327640e-02
1.000000000000000000e+00 0.000000000000000000e+00 1.218305504019789737e-01
0.000000000000000000e+00 1.000000000000000000e+00 4.056895485466913837e-02
1.000000000000000000e+00 1.000000000000000000e+00 9.445887445887446443e-02
1.000000000000000000e+00 1.000000000000000000e+00 6.868274582560296437e-02
1.000000000000000000e+00 1.000000000000000000e+00 3.739022881880024740e-02
1.000000000000000000e+00 1.000000000000000000e+00 4.576376004947433490e-02
1.000000000000000000e+00 1.000000000000000000e+00 0.000000000000000000e+00
1.000000000000000000e+00 1.000000000000000000e+00 4.424242424242424282e-02
0.000000000000000000e+00 1.000000000000000000e+00 5.998763141620284262e-02
0.000000000000000000e+00 1.000000000000000000e+00 2.561533704390847252e-02
1.000000000000000000e+00 1.000000000000000000e+00 4.773036487322201288e-02
1.000000000000000000e+00 0.000000000000000000e+00 3.489177489177489044e-02
1.000000000000000000e+00 1.000000000000000000e+00 9.187384044526901439e-02
1.000000000000000000e+00 1.000000000000000000e+00 7.544836116264687365e-02
1.000000000000000000e+00 1.000000000000000000e+00 3.834260977118120195e-02
1.000000000000000000e+00 1.000000000000000000e+00 5.670995670995671034e-02
1.000000000000000000e+00 1.000000000000000000e+00 7.544836116264687365e-02
1.000000000000000000e+00 0.000000000000000000e+00 7.730364873222016209e-02
1.000000000000000000e+00 1.000000000000000000e+00 2.895485466914038408e-02
1.000000000000000000e+00 1.000000000000000000e+00 4.410636982065553602e-02
1.000000000000000000e+00 0.000000000000000000e+00 3.758812615955473002e-02
1.000000000000000000e+00 0.000000000000000000e+00 1.012121212121212116e-01
1.000000000000000000e+00 1.000000000000000000e+00 3.716759431045145445e-02
1.000000000000000000e+00 1.000000000000000000e+00 6.617192331478045919e-02
1.000000000000000000e+00 0.000000000000000000e+00 4.529375386518243868e-02
1.000000000000000000e+00 1.000000000000000000e+00 3.914656771799628759e-02
1.000000000000000000e+00 1.000000000000000000e+00 7.011750154607297725e-02
1.000000000000000000e+00 1.000000000000000000e+00 2.918985776128633219e-02
1.000000000000000000e+00 0.000000000000000000e+00 3.481756338899195946e-02
1.000000000000000000e+00 1.000000000000000000e+00 7.544836116264687365e-02
1.000000000000000000e+00 1.000000000000000000e+00 4.027210884353741444e-02
1.000000000000000000e+00 0.000000000000000000e+00 7.297464440321582702e-02
1.000000000000000000e+00 1.000000000000000000e+00 1.181570810142238692e-01
1.000000000000000000e+00 1.000000000000000000e+00 7.987631416202845003e-02
1.000000000000000000e+00 1.000000000000000000e+00 3.379097093382807393e-02
1.000000000000000000e+00 1.000000000000000000e+00 2.051948051948052076e-02
0.000000000000000000e+00 1.000000000000000000e+00 1.877551020408163227e-02
1.000000000000000000e+00 0.000000000000000000e+00 4.053184910327767287e-02
1.000000000000000000e+00 0.000000000000000000e+00 3.009276437847866262e-02
1.000000000000000000e+00 1.000000000000000000e+00 3.105751391465677233e-02
0.000000000000000000e+00 0.000000000000000000e+00 1.991341991341991358e-01
1.000000000000000000e+00 0.000000000000000000e+00 3.627705627705627572e-02
0.000000000000000000e+00 0.000000000000000000e+00 7.291280148423005814e-02
1.000000000000000000e+00 1.000000000000000000e+00 6.307977736549165437e-02
1.000000000000000000e+00 1.000000000000000000e+00 1.797526283240568901e-01
1.000000000000000000e+00 0.000000000000000000e+00 2.362399505256648075e-02
1.000000000000000000e+00 0.000000000000000000e+00 4.119975262832405866e-02
1.000000000000000000e+00 0.000000000000000000e+00 8.719851576994433473e-02
1.000000000000000000e+00 0.000000000000000000e+00 6.204081632653061368e-02
1.000000000000000000e+00 0.000000000000000000e+00 4.879406307977736390e-02
1.000000000000000000e+00 1.000000000000000000e+00 5.637600494743352092e-02
0.000000000000000000e+00 1.000000000000000000e+00 5.173778602350030675e-02
1.000000000000000000e+00 0.000000000000000000e+00 4.042053184910327640e-02
1.000000000000000000e+00 0.000000000000000000e+00 3.371675943104514295e-02
1.000000000000000000e+00 0.000000000000000000e+00 3.818181818181818482e-02
1.000000000000000000e+00 1.000000000000000000e+00 1.360049474335188746e-01
1.000000000000000000e+00 0.000000000000000000e+00 3.318491032776747091e-02
1.000000000000000000e+00 1.000000000000000000e+00 3.055040197897340715e-02
1.000000000000000000e+00 1.000000000000000000e+00 4.638218923933209309e-02
1.000000000000000000e+00 1.000000000000000000e+00 3.215831787260358537e-02
1.000000000000000000e+00 1.000000000000000000e+00 4.753246753246753026e-02
1.000000000000000000e+00 1.000000000000000000e+00 3.652442795299937900e-02
1.000000000000000000e+00 1.000000000000000000e+00 1.785157699443413737e-01
0.000000000000000000e+00 0.000000000000000000e+00 4.827458256029684702e-02
1.000000000000000000e+00 1.000000000000000000e+00 4.671614100185528945e-02
1.000000000000000000e+00 1.000000000000000000e+00 2.660482374768088909e-02
1.000000000000000000e+00 0.000000000000000000e+00 2.054421768707483109e-02
1.000000000000000000e+00 1.000000000000000000e+00 2.537662337662337508e-01
1.000000000000000000e+00 0.000000000000000000e+00 3.720470006184291994e-02
1.000000000000000000e+00 0.000000000000000000e+00 3.030303030303030387e-02
1.000000000000000000e+00 1.000000000000000000e+00 4.395794681508967405e-02
1.000000000000000000e+00 0.000000000000000000e+00 4.915275200989486365e-02
1.000000000000000000e+00 0.000000000000000000e+00 1.157452071737786053e-01
1.000000000000000000e+00 1.000000000000000000e+00 3.617810760667903441e-02
0.000000000000000000e+00 1.000000000000000000e+00 5.256648113790970966e-02
1.000000000000000000e+00 1.000000000000000000e+00 3.714285714285714413e-02
0.000000000000000000e+00 0.000000000000000000e+00 6.514533085961657366e-02
1.000000000000000000e+00 1.000000000000000000e+00 2.761904761904761946e-02
1.000000000000000000e+00 1.000000000000000000e+00 5.276437847866419228e-02
1.000000000000000000e+00 1.000000000000000000e+00 8.317872603586889957e-02
1.000000000000000000e+00 1.000000000000000000e+00 5.585652442795299710e-02
1.000000000000000000e+00 0.000000000000000000e+00 5.998763141620284262e-02
1.000000000000000000e+00 1.000000000000000000e+00 2.305504019789733974e-02
0.000000000000000000e+00 1.000000000000000000e+00 2.040816326530612082e-02
1.000000000000000000e+00 1.000000000000000000e+00 3.370439084724798778e-02
1.000000000000000000e+00 0.000000000000000000e+00 5.998763141620284262e-02
1.000000000000000000e+00 1.000000000000000000e+00 1.824366110080395675e-02
1.000000000000000000e+00 0.000000000000000000e+00 4.761904761904761640e-02
1.000000000000000000e+00 0.000000000000000000e+00 2.288188002473716745e-02
1.000000000000000000e+00 0.000000000000000000e+00 4.467532467532467355e-02
0.000000000000000000e+00 0.000000000000000000e+00 2.782931354359925724e-02
1.000000000000000000e+00 0.000000000000000000e+00 2.483982683982683959e-01
1.000000000000000000e+00 0.000000000000000000e+00 3.422387136672851160e-02
1.000000000000000000e+00 0.000000000000000000e+00 3.434755720470006324e-02
1.000000000000000000e+00 0.000000000000000000e+00 2.915275200989486670e-02
1.000000000000000000e+00 1.000000000000000000e+00 2.873222016079158767e-02
1.000000000000000000e+00 1.000000000000000000e+00 4.018552875695732829e-02
1.000000000000000000e+00 1.000000000000000000e+00 4.411873840445269118e-02
1.000000000000000000e+00 1.000000000000000000e+00 1.218305504019789737e-01
1.000000000000000000e+00 1.000000000000000000e+00 2.782931354359925724e-02
1.000000000000000000e+00 1.000000000000000000e+00 5.184910327767470323e-02
1.000000000000000000e+00 1.000000000000000000e+00 4.268398268398268525e-02
1.000000000000000000e+00 1.000000000000000000e+00 1.836734693877551117e-01
0.000000000000000000e+00 1.000000000000000000e+00 1.053308596165739019e-01
0.000000000000000000e+00 0.000000000000000000e+00 5.896103896103896402e-02
1.000000000000000000e+00 1.000000000000000000e+00 7.010513296227581514e-02
1.000000000000000000e+00 1.000000000000000000e+00 5.173778602350030675e-02
1.000000000000000000e+00 0.000000000000000000e+00 2.906617192331478056e-02
1.000000000000000000e+00 0.000000000000000000e+00 5.236858379715522704e-02
1.000000000000000000e+00 0.000000000000000000e+00 3.444650587507730455e-02
1.000000000000000000e+00 0.000000000000000000e+00 3.318491032776747091e-02
1.000000000000000000e+00 1.000000000000000000e+00 7.815337043908472392e-01
1.000000000000000000e+00 1.000000000000000000e+00 1.197649969078540544e-01
1.000000000000000000e+00 1.000000000000000000e+00 6.620902906617191774e-02
1.000000000000000000e+00 1.000000000000000000e+00 6.307977736549165437e-02
1.000000000000000000e+00 1.000000000000000000e+00 2.906617192331478056e-02
0.000000000000000000e+00 0.000000000000000000e+00 2.077922077922077920e-02
1.000000000000000000e+00 0.000000000000000000e+00 4.959802102659245648e-02
1.000000000000000000e+00 1.000000000000000000e+00 3.088435374149660004e-02
1.000000000000000000e+00 0.000000000000000000e+00 2.755720470006184364e-02
1.000000000000000000e+00 1.000000000000000000e+00 5.447124304267161182e-02
1.000000000000000000e+00 1.000000000000000000e+00 3.739022881880024740e-02
1.000000000000000000e+00 1.000000000000000000e+00 3.009276437847866262e-02
1.000000000000000000e+00 1.000000000000000000e+00 2.905380333951762539e-02
0.000000000000000000e+00 1.000000000000000000e+00 4.171923314780457553e-02
1.000000000000000000e+00 1.000000000000000000e+00 3.627705627705627572e-02
1.000000000000000000e+00 1.000000000000000000e+00 3.061224489795918297e-02
1.000000000000000000e+00 1.000000000000000000e+00 1.104885590599876261e-01
1.000000000000000000e+00 0.000000000000000000e+00 1.063698206555349357e-01
1.000000000000000000e+00 1.000000000000000000e+00 3.111935683364254815e-02
0.000000000000000000e+00 1.000000000000000000e+00 6.617192331478045919e-02
1.000000000000000000e+00 1.000000000000000000e+00 2.811379097093382948e-02
1.000000000000000000e+00 0.000000000000000000e+00 4.530612244897959384e-02
1.000000000000000000e+00 1.000000000000000000e+00 1.012121212121212116e-01
1.000000000000000000e+00 1.000000000000000000e+00 4.607297464440321400e-02
0.000000000000000000e+00 1.000000000000000000e+00 3.525046382189239019e-02
1.000000000000000000e+00 1.000000000000000000e+00 6.205318491032776884e-02
1.000000000000000000e+00 0.000000000000000000e+00 5.656153370439084838e-02
1.000000000000000000e+00 1.000000000000000000e+00 5.998763141620284262e-02
1.000000000000000000e+00 1.000000000000000000e+00 5.689548546691403780e-02
1.000000000000000000e+00 0.000000000000000000e+00 8.252319109461966895e-02
1.000000000000000000e+00 0.000000000000000000e+00 7.502782931354359808e-02
1.000000000000000000e+00 0.000000000000000000e+00 2.906617192331478056e-02
0.000000000000000000e+00 0.000000000000000000e+00 6.152133580705008986e-02
1.000000000000000000e+00 1.000000000000000000e+00 7.637600494743351787e-02
1.000000000000000000e+00 1.000000000000000000e+00 2.421768707482993277e-01
1.000000000000000000e+00 0.000000000000000000e+00 1.930612244897959295e-01
1.000000000000000000e+00 1.000000000000000000e+00 6.227581941867656179e-02
1.000000000000000000e+00 1.000000000000000000e+00 1.134570191713048792e-01
0.000000000000000000e+00 0.000000000000000000e+00 3.601731601731601728e-02
1.000000000000000000e+00 0.000000000000000000e+00 3.233147804576375767e-02
1.000000000000000000e+00 1.000000000000000000e+00 5.772418058132344071e-02
1.000000000000000000e+00 1.000000000000000000e+00 1.063698206555349357e-01
1.000000000000000000e+00 0.000000000000000000e+00 3.610389610389610343e-02
1.000000000000000000e+00 1.000000000000000000e+00 6.482374768089053940e-02
1.000000000000000000e+00 1.000000000000000000e+00 3.936920222634508054e-02
1.000000000000000000e+00 0.000000000000000000e+00 7.162646876932590723e-02
1.000000000000000000e+00 0.000000000000000000e+00 7.235621521335806883e-02
1.000000000000000000e+00 0.000000000000000000e+00 8.679035250463822126e-02
1.000000000000000000e+00 1.000000000000000000e+00 5.461966604823747379e-02
1.000000000000000000e+00 0.000000000000000000e+00 4.350030921459492605e-02
1.000000000000000000e+00 0.000000000000000000e+00 2.716141001855287493e-02
0.000000000000000000e+00 1.000000000000000000e+00 3.537414965986394877e-02
1.000000000000000000e+00 1.000000000000000000e+00 2.700061842918985780e-02
1.000000000000000000e+00 1.000000000000000000e+00 6.602350030921459723e-02
1.000000000000000000e+00 0.000000000000000000e+00 1.115275200989486737e-01
1.000000000000000000e+00 1.000000000000000000e+00 1.156957328385899847e-01
1.000000000000000000e+00 1.000000000000000000e+00 2.279529993815708130e-02
1.000000000000000000e+00 1.000000000000000000e+00 3.648732220160791351e-02
0.000000000000000000e+00 0.000000000000000000e+00 3.747680890538033355e-02
1.000000000000000000e+00 1.000000000000000000e+00 3.565862708719851754e-02
1.000000000000000000e+00 0.000000000000000000e+00 4.640692640692641036e-02
0.000000000000000000e+00 0.000000000000000000e+00 1.669758812615955434e-02
0.000000000000000000e+00 1.000000000000000000e+00 3.387755102040816008e-02
1.000000000000000000e+00 0.000000000000000000e+00 3.222016079158936119e-02
1.000000000000000000e+00 0.000000000000000000e+00 2.906617192331478056e-02
1.000000000000000000e+00 0.000000000000000000e+00 2.242424242424242292e-02
1.000000000000000000e+00 0.000000000000000000e+00 9.017934446505875001e-02
1.000000000000000000e+00 0.000000000000000000e+00 5.438466295609152568e-02
1.000000000000000000e+00 1.000000000000000000e+00 2.494743351886209021e-02
1.000000000000000000e+00 0.000000000000000000e+00 2.551638837353123121e-02
0.000000000000000000e+00 1.000000000000000000e+00 1.008039579468150843e-01
0.000000000000000000e+00 1.000000000000000000e+00 1.000000000000000000e+00
1.000000000000000000e+00 0.000000000000000000e+00 4.597402597402597269e-02
0.000000000000000000e+00 1.000000000000000000e+00 7.354359925788497843e-02
1.000000000000000000e+00 1.000000000000000000e+00 2.601113172541744123e-02
0.000000000000000000e+00 1.000000000000000000e+00 2.472479901051329726e-02
1.000000000000000000e+00 0.000000000000000000e+00 3.518862090290661437e-02
1.000000000000000000e+00 0.000000000000000000e+00 3.030303030303030387e-02
1.000000000000000000e+00 1.000000000000000000e+00 1.793444650587507766e-02
1.000000000000000000e+00 1.000000000000000000e+00 1.082251082251082207e-02
1.000000000000000000e+00 1.000000000000000000e+00 3.829313543599258129e-02
1.000000000000000000e+00 1.000000000000000000e+00 7.024118738404452889e-02
0.000000000000000000e+00 0.000000000000000000e+00 3.178726035868893046e-02
1.000000000000000000e+00 1.000000000000000000e+00 2.065553494124922757e-02
0.000000000000000000e+00 1.000000000000000000e+00 8.781694495980210680e-02
1.000000000000000000e+00 1.000000000000000000e+00 1.821892393320964643e-01
1.000000000000000000e+00 1.000000000000000000e+00 3.111935683364254815e-02
1.000000000000000000e+00 0.000000000000000000e+00 5.511440940012368728e-02
1.000000000000000000e+00 1.000000000000000000e+00 7.155225726654297624e-02
1.000000000000000000e+00 1.000000000000000000e+00 3.426097711811997709e-02
1.000000000000000000e+00 0.000000000000000000e+00 3.175015460729746497e-02
1.000000000000000000e+00 0.000000000000000000e+00 1.048113790970933851e-01
0.000000000000000000e+00 0.000000000000000000e+00 7.854050711193567846e-02
1.000000000000000000e+00 0.000000000000000000e+00 1.574025974025974051e-01
1.000000000000000000e+00 1.000000000000000000e+00 2.813852813852813980e-02
1.000000000000000000e+00 0.000000000000000000e+00 4.452690166975881159e-02
1.000000000000000000e+00 0.000000000000000000e+00 2.196660482374768186e-02
1.000000000000000000e+00 1.000000000000000000e+00 2.551638837353123121e-02
0.000000000000000000e+00 0.000000000000000000e+00 1.269758812615955357e-01
1.000000000000000000e+00 1.000000000000000000e+00 8.648113790970933523e-02
1.000000000000000000e+00 0.000000000000000000e+00 4.341372912801483991e-02
1.000000000000000000e+00 1.000000000000000000e+00 9.586889301175015310e-02
1.000000000000000000e+00 0.000000000000000000e+00 5.636363636363636576e-02
1.000000000000000000e+00 0.000000000000000000e+00 4.646753246753246858e-01
1.000000000000000000e+00 1.000000000000000000e+00 4.101422387136673120e-02
1.000000000000000000e+00 1.000000000000000000e+00 5.568336425479282481e-02
1.000000000000000000e+00 1.000000000000000000e+00 4.191713048855905815e-02
0.000000000000000000e+00 1.000000000000000000e+00 3.945578231292516669e-02
0.000000000000000000e+00 1.000000000000000000e+00 2.670377241805813387e-02
0.000000000000000000e+00 1.000000000000000000e+00 4.697588126159554789e-02
0.000000000000000000e+00 1.000000000000000000e+00 2.885590599876314277e-02
1.000000000000000000e+00 0.000000000000000000e+00 8.577612863327148396e-02
1.000000000000000000e+00 1.000000000000000000e+00 4.587507730364873137e-02
1.000000000000000000e+00 1.000000000000000000e+00 5.134199134199134151e-02
1.000000000000000000e+00 1.000000000000000000e+00 4.400742115027829471e-02
1.000000000000000000e+00 0.000000000000000000e+00 5.199752628324057213e-02
1.000000000000000000e+00 1.000000000000000000e+00 1.012244897959183737e-01
1.000000000000000000e+00 1.000000000000000000e+00 9.387755102040816479e-02
1.000000000000000000e+00 1.000000000000000000e+00 3.543599257884972459e-02
1.000000000000000000e+00 0.000000000000000000e+00 6.235003092145949277e-02
0.000000000000000000e+00 0.000000000000000000e+00 4.967223252937538747e-02
1.000000000000000000e+00 0.000000000000000000e+00 7.235621521335806883e-02
0.000000000000000000e+00 1.000000000000000000e+00 3.459492888064316651e-02
1.000000000000000000e+00 1.000000000000000000e+00 2.046011131725417320e-01
1.000000000000000000e+00 1.000000000000000000e+00 7.421150278293135120e-04
1.000000000000000000e+00 1.000000000000000000e+00 5.173778602350030675e-02
1.000000000000000000e+00 1.000000000000000000e+00 4.081632653061224164e-02
0.000000000000000000e+00 1.000000000000000000e+00 3.095856524427953102e-02
1.000000000000000000e+00 1.000000000000000000e+00 5.616573902288188314e-02
1.000000000000000000e+00 0.000000000000000000e+00 6.656771799628942443e-02
1.000000000000000000e+00 1.000000000000000000e+00 2.025355596784168266e-01
1.000000000000000000e+00 1.000000000000000000e+00 8.101422387136672509e-02
0.000000000000000000e+00 1.000000000000000000e+00 3.367965367965367746e-02
1.000000000000000000e+00 1.000000000000000000e+00 2.042918985776128737e-01
1.000000000000000000e+00 1.000000000000000000e+00 3.459492888064316651e-02
1.000000000000000000e+00 0.000000000000000000e+00 5.194805194805195148e-02
1.000000000000000000e+00 1.000000000000000000e+00 3.642547928262213769e-02
1.000000000000000000e+00 1.000000000000000000e+00 2.390847247990105298e-02
1.000000000000000000e+00 1.000000000000000000e+00 1.321335807050092737e-01
1.000000000000000000e+00 1.000000000000000000e+00 1.012121212121212116e-01
1.000000000000000000e+00 1.000000000000000000e+00 2.236239950525664710e-02
0.000000000000000000e+00 0.000000000000000000e+00 4.201607915893629946e-02
1.000000000000000000e+00 1.000000000000000000e+00 2.248979591836734737e-01
1.000000000000000000e+00 1.000000000000000000e+00 5.482993197278911851e-02
1.000000000000000000e+00 0.000000000000000000e+00 2.826221397649969144e-02
1.000000000000000000e+00 0.000000000000000000e+00 4.379715522572665692e-02
1.000000000000000000e+00 0.000000000000000000e+00 2.116635745207173791e-01
0.000000000000000000e+00 1.000000000000000000e+00 4.263450834879406459e-02
1.000000000000000000e+00 1.000000000000000000e+00 3.928262213976499440e-02
1.000000000000000000e+00 1.000000000000000000e+00 3.030303030303030387e-02
1.000000000000000000e+00 1.000000000000000000e+00 3.395176252319109800e-02
0.000000000000000000e+00 0.000000000000000000e+00 7.585652442795300099e-02
1.000000000000000000e+00 0.000000000000000000e+00 6.122448979591836420e-03
1.000000000000000000e+00 0.000000000000000000e+00 3.721706864564007511e-02
1.000000000000000000e+00 1.000000000000000000e+00 5.831787260358688857e-02
1.000000000000000000e+00 1.000000000000000000e+00 4.531849103277674901e-02
1.000000000000000000e+00 1.000000000000000000e+00 4.155844155844155841e-02
1.000000000000000000e+00 0.000000000000000000e+00 4.246134817563389230e-02
1.000000000000000000e+00 1.000000000000000000e+00 2.880643166357452212e-02
1.000000000000000000e+00 0.000000000000000000e+00 1.621768707482993122e-01
1.000000000000000000e+00 0.000000000000000000e+00 4.264687693259121976e-02
1.000000000000000000e+00 1.000000000000000000e+00 7.316017316017316141e-02
1.000000000000000000e+00 1.000000000000000000e+00 3.875077303648732235e-02
1.000000000000000000e+00 1.000000000000000000e+00 2.448979591836734568e-02
1.000000000000000000e+00 0.000000000000000000e+00 7.006802721088435659e-02
1.000000000000000000e+00 1.000000000000000000e+00 4.101422387136673120e-02
1.000000000000000000e+00 1.000000000000000000e+00 2.326530612244898100e-02
0.000000000000000000e+00 1.000000000000000000e+00 3.616573902288187925e-02
1.000000000000000000e+00 0.000000000000000000e+00 5.606679035250463489e-02
1.000000000000000000e+00 0.000000000000000000e+00 4.019789734075448345e-02
1.000000000000000000e+00 1.000000000000000000e+00 2.525664811379096930e-02
1.000000000000000000e+00 0.000000000000000000e+00 2.906617192331478056e-02
1.000000000000000000e+00 1.000000000000000000e+00 6.836116264687693012e-02
1.000000000000000000e+00 1.000000000000000000e+00 9.645021645021645273e-02
1.000000000000000000e+00 0.000000000000000000e+00 5.602968460111316940e-02
1.000000000000000000e+00 1.000000000000000000e+00 2.145949288806431599e-01
1.000000000000000000e+00 1.000000000000000000e+00 4.483611626468769068e-02
0.000000000000000000e+00 1.000000000000000000e+00 6.351267779839207817e-02
1.000000000000000000e+00 0.000000000000000000e+00 3.128014842300556875e-02
1.000000000000000000e+00 0.000000000000000000e+00 8.204081632653061062e-02
1.000000000000000000e+00 1.000000000000000000e+00 5.109461966604823824e-02
0.000000000000000000e+00 0.000000000000000000e+00 4.252319109461966812e-02
1.000000000000000000e+00 0.000000000000000000e+00 2.228200371057513784e-01
1.000000000000000000e+00 0.000000000000000000e+00 2.968460111317254221e-02
1.000000000000000000e+00 1.000000000000000000e+00 7.400123685837971255e-02
1.000000000000000000e+00 0.000000000000000000e+00 4.288188002473716787e-02
1.000000000000000000e+00 1.000000000000000000e+00 3.422387136672851160e-02
1.000000000000000000e+00 1.000000000000000000e+00 7.751391465677179293e-02
1.000000000000000000e+00 1.000000000000000000e+00 5.513914656771799760e-02
0.000000000000000000e+00 0.000000000000000000e+00 2.458874458874459046e-02
1.000000000000000000e+00 0.000000000000000000e+00 4.331478045763759860e-02
1.000000000000000000e+00 1.000000000000000000e+00 2.583797155225726547e-02
1.000000000000000000e+00 1.000000000000000000e+00 3.238095238095237832e-02
1.000000000000000000e+00 0.000000000000000000e+00 3.967841682127396657e-02
1.000000000000000000e+00 0.000000000000000000e+00 2.938775510204081481e-02
0.000000000000000000e+00 0.000000000000000000e+00 5.998763141620284262e-02
1.000000000000000000e+00 1.000000000000000000e+00 3.259121830550402305e-02
0.000000000000000000e+00 1.000000000000000000e+00 8.018552875695732218e-02
1.000000000000000000e+00 1.000000000000000000e+00 2.896722325293753925e-02
1.000000000000000000e+00 1.000000000000000000e+00 3.936920222634508054e-02
0.000000000000000000e+00 1.000000000000000000e+00 2.849721706864563955e-02
0.000000000000000000e+00 1.000000000000000000e+00 4.258503401360544394e-02
1.000000000000000000e+00 1.000000000000000000e+00 6.577612863327149395e-02
1.000000000000000000e+00 1.000000000000000000e+00 1.235497835497835484e-01
1.000000000000000000e+00 1.000000000000000000e+00 4.622139764996907596e-02
1.000000000000000000e+00 1.000000000000000000e+00 4.984539270253555976e-02
1.000000000000000000e+00 1.000000000000000000e+00 4.359925788497216737e-02
1.000000000000000000e+00 1.000000000000000000e+00 2.391341991341991435e-01
1.000000000000000000e+00 1.000000000000000000e+00 7.140383426097711428e-02
1.000000000000000000e+00 0.000000000000000000e+00 6.988249845392702220e-02
0.000000000000000000e+00 1.000000000000000000e+00 1.069758812615955457e-01
1.000000000000000000e+00 0.000000000000000000e+00 3.936920222634508054e-02
0.000000000000000000e+00 1.000000000000000000e+00 4.019789734075448345e-02
1.000000000000000000e+00 0.000000000000000000e+00 2.755720470006184364e-02
0.000000000000000000e+00 1.000000000000000000e+00 3.730364873222016125e-02
1.000000000000000000e+00 1.000000000000000000e+00 4.040816326530612124e-02
0.000000000000000000e+00 1.000000000000000000e+00 6.142238713667284855e-02
1.000000000000000000e+00 1.000000000000000000e+00 2.042795299938157116e-01
1.000000000000000000e+00 1.000000000000000000e+00 7.390228818800247124e-02
1.000000000000000000e+00 1.000000000000000000e+00 7.737786023500309307e-02
1.000000000000000000e+00 1.000000000000000000e+00 3.721706864564007511e-02
0.000000000000000000e+00 1.000000000000000000e+00 3.632653061224489638e-02
1.000000000000000000e+00 0.000000000000000000e+00 3.808286951144093657e-02
1.000000000000000000e+00 1.000000000000000000e+00 2.018552875695732787e-02
1.000000000000000000e+00 0.000000000000000000e+00 3.750154607297464388e-02
1.000000000000000000e+00 1.000000000000000000e+00 7.903525046382189889e-02
1.000000000000000000e+00 0.000000000000000000e+00 2.085343228200371019e-02
1.000000000000000000e+00 1.000000000000000000e+00 3.730364873222016125e-02
0.000000000000000000e+00 1.000000000000000000e+00 3.261595547309833337e-02
1.000000000000000000e+00 1.000000000000000000e+00 5.111935683364254857e-02
1.000000000000000000e+00 1.000000000000000000e+00 2.655534941249226843e-02
1.000000000000000000e+00 0.000000000000000000e+00 2.492269635126777988e-02
1.000000000000000000e+00 0.000000000000000000e+00 5.689548546691403780e-02
0.000000000000000000e+00 1.000000000000000000e+00 3.186147186147186144e-02
1.000000000000000000e+00 1.000000000000000000e+00 3.525046382189239019e-02
1.000000000000000000e+00 1.000000000000000000e+00 7.235621521335806883e-02
1.000000000000000000e+00 0.000000000000000000e+00 1.138775510204081687e-01
1.000000000000000000e+00 1.000000000000000000e+00 4.587507730364873137e-02
1.000000000000000000e+00 1.000000000000000000e+00 1.975262832405689506e-01
1.000000000000000000e+00 0.000000000000000000e+00 4.555349412492269712e-02
1.000000000000000000e+00 1.000000000000000000e+00 7.709338280766851736e-02
0.000000000000000000e+00 0.000000000000000000e+00 3.508967223252937306e-02
1.000000000000000000e+00 1.000000000000000000e+00 1.213729128014842257e-01
1.000000000000000000e+00 1.000000000000000000e+00 6.963512677798391892e-02
1.000000000000000000e+00 1.000000000000000000e+00 3.393939393939394283e-02
1.000000000000000000e+00 1.000000000000000000e+00 6.868274582560296437e-02
1.000000000000000000e+00 0.000000000000000000e+00 4.361162646876932253e-02
1.000000000000000000e+00 1.000000000000000000e+00 1.465677179962894261e-01
1.000000000000000000e+00 1.000000000000000000e+00 2.782931354359925724e-02
1.000000000000000000e+00 1.000000000000000000e+00 4.019789734075448345e-02
1.000000000000000000e+00 1.000000000000000000e+00 4.745825602968459928e-02
1.000000000000000000e+00 1.000000000000000000e+00 3.811997526283240900e-02
1.000000000000000000e+00 0.000000000000000000e+00 3.401360544217687382e-02
1.000000000000000000e+00 1.000000000000000000e+00 4.893011750154607070e-02
1.000000000000000000e+00 1.000000000000000000e+00 9.798392084106369304e-02
1.000000000000000000e+00 1.000000000000000000e+00 9.193568336425479715e-02
0.000000000000000000e+00 0.000000000000000000e+00 5.482993197278911851e-02
