>>11/21/2020 12:09:49 PM
REGRESSION
----------
SUMMARY OF OUTPUT: ORDINARY LEAST SQUARES ESTIMATION
Data set            :  SFCrime_ct2010
Dependent Variable  :    LOG_RATE  Number of Observations:  191
Mean dependent var  :     3.61397  Number of Variables   :    3
S.D. dependent var  :    0.845241  Degrees of Freedom    :  188 

R-squared           :    0.074929  F-statistic           :      7.6138
Adjusted R-squared  :    0.065088  Prob(F-statistic)     :   0.0006614
Sum squared residual:     126.232  Log likelihood        :    -231.466
Sigma-square        :    0.671447  Akaike info criterion :     468.932
S.E. of regression  :    0.819419  Schwarz criterion     :     478.689
Sigma-square ML     :    0.660901
S.E of regression ML:    0.812958

-----------------------------------------------------------------------------
       Variable      Coefficient      Std.Error    t-Statistic   Probability
-----------------------------------------------------------------------------
          CONSTANT        3.6154      0.0592926        60.9756     0.00000
        SD_POPDENS     -0.259267      0.0668454       -3.87861     0.00015
         SD_MEDINC    -0.0944213        0.06689       -1.41159     0.15972
-----------------------------------------------------------------------------

REGRESSION DIAGNOSTICS  
MULTICOLLINEARITY CONDITION NUMBER   1.648628
TEST ON NORMALITY OF ERRORS
TEST                  DF           VALUE             PROB
Jarque-Bera            2           946.8976          0.00000

DIAGNOSTICS FOR HETEROSKEDASTICITY  
RANDOM COEFFICIENTS
TEST                  DF           VALUE             PROB
Breusch-Pagan test     2            10.4472          0.00539
Koenker-Bassett test   2             1.6873          0.43014

COEFFICIENTS VARIANCE MATRIX
   CONSTANT  SD_POPDENS   SD_MEDINC 
   0.003516   -0.000023    0.000004 
  -0.000023    0.004468    0.002066 
   0.000004    0.002066    0.004474 


  OBS        LOG_RATE        PREDICTED        RESIDUAL
    1          3.85542         3.94662        -0.09120
    2          3.61439         3.71919        -0.10480
    3          3.53062         3.41683         0.11380
    4          3.45270         3.53836        -0.08566
    5          3.77620         3.31775         0.45845
    6          3.92144         3.40909         0.51235
    7          2.90955         3.21319        -0.30364
    8          3.60624         3.17397         0.43227
    9          2.88880         2.16175         0.72705
   10          3.85510         3.60126         0.25384
   11          3.72313         3.53337         0.18975
   12          3.15044         3.55201        -0.40157
   13          3.79667         3.52625         0.27041
   14          4.88136         3.81009         1.07127
   15          3.94794         3.51549         0.43245
   16          3.68831         3.47209         0.21622
   17          4.59390         3.70513         0.88877
   18          4.20322         3.68693         0.51629
   19          3.82293         3.64925         0.17368
   20          3.91403         3.56076         0.35327
   21          3.64480         3.74504        -0.10024
   22          3.60868         3.55046         0.05822
   23          3.49085         3.44118         0.04967
   24          3.86380         3.79858         0.06522
   25          3.87013         3.91321        -0.04307
   26          3.88018         3.71306         0.16713
   27          3.94017         3.77750         0.16266
   28          4.44737         3.69761         0.74975
   29          3.66676         3.53923         0.12753
   30          3.64992         3.76354        -0.11363
   31          3.02940         3.58947        -0.56006
   32          1.55495         3.66681        -2.11186
   33          3.35914         3.57118        -0.21203
   34          2.73491         3.64605        -0.91114
   35
   36          2.76277         3.81043        -1.04766
   37          2.77597         3.72207        -0.94609
   38          2.38298         3.68972        -1.30674
   39          2.67039         3.73223        -1.06183
   40          3.03525         3.74605        -0.71080
   41          2.87042         3.61779        -0.74736
   42          3.54367         3.58383        -0.04017
   43          3.36887         3.58940        -0.22054
   44          2.96230         3.64265        -0.68035
   45          2.35046         3.66404        -1.31358
   46          3.71728         3.86361        -0.14633
   47          3.94964         3.78476         0.16489
   48          3.70349         3.44934         0.25415
   49          2.53380         3.18323        -0.64943
   50          3.68426         3.27620         0.40806
   51          2.58912         3.32606        -0.73693
   52          4.30247         3.37703         0.92544
   53          2.50501         3.13060        -0.62560
   54          5.70664         4.03231         1.67434
   55          4.05483         2.89208         1.16275
   56          2.86681         3.09762        -0.23080
   57          3.24648         3.20660         0.03988
   58          1.90403         2.57461        -0.67058
   59          3.98690         3.24965         0.73725
   60          4.33057         3.48855         0.84202
   61          2.28254         2.73972        -0.45719
   62          4.03168         3.86080         0.17089
   63          3.57615         3.38495         0.19119
   64          2.58054         3.50416        -0.92362
   65          3.91536         3.72693         0.18843
   66          2.60315         3.64028        -1.03713
   67          2.79035         3.48050        -0.69015
   68          3.62684         3.62574         0.00110
   69          3.78928         3.55818         0.23110
   70          2.91983         3.14878        -0.22895
   71          3.42476         3.51516        -0.09040
   72          2.26649         3.63033        -1.36383
   73          3.91995         3.52210         0.39785
   74          4.44265         3.59819         0.84446
   75          4.09783         3.54861         0.54922
   76          4.21133         3.61198         0.59935
   77          3.42225         3.65308        -0.23083
   78          2.58893         3.61198        -1.02305
   79          4.09581         3.66556         0.43025
   80          3.27193         3.74790        -0.47597
   81          3.93223         3.63855         0.29368
   82          3.21058         3.53715        -0.32657
   83          3.55238         3.74656        -0.19418
   84          4.38737         3.45041         0.93696
   85          3.76183         3.57142         0.19041
   86          3.95632         3.54000         0.41632
   87          3.67282         3.47695         0.19587
   88          4.48007         3.59202         0.88805
   89          3.56940         3.56832         0.00108
   90          3.56169         3.59892        -0.03723
   91          4.02219         3.61047         0.41172
   92          2.81619         3.48655        -0.67036
   93          4.46003         3.79186         0.66817
   94          6.11347         3.87558         2.23789
   95          4.76462         3.68558         1.07905
   96          4.80168         3.70702         1.09466
   97          3.58546         3.49236         0.09310
   98          4.11369         3.53050         0.58319
   99          2.52386         3.49293        -0.96908
  100          4.16271         3.74985         0.41286
  101          4.30180         3.61655         0.68525
  102          3.39375         3.36920         0.02456
  103          4.07300         3.42363         0.64937
  104          3.74893         3.53695         0.21198
  105          3.58946         3.51702         0.07243
  106          3.74474         3.56090         0.18384
  107          2.76860         3.56939        -0.80079
  108          3.93478         3.52897         0.40581
  109          3.90739         3.52129         0.38610
  110          3.69880         3.84722        -0.14843
  111          4.08900         3.61968         0.46932
  112          4.72358         3.79267         0.93091
  113          3.94539         3.60128         0.34410
  114          4.56684         3.70637         0.86047
  115          3.87666         3.80816         0.06849
  116          3.84370         3.44905         0.39465
  117          3.68608         3.48755         0.19854
  118          4.25351         3.70695         0.54656
  119          4.26183         3.66598         0.59585
  120          3.99704         3.87376         0.12327
  121          3.86694         4.04821        -0.18126
  122          4.58286         3.91931         0.66355
  123          3.79997         3.80395        -0.00397
  124          4.27555         3.77631         0.49925
  125          4.10595         3.55677         0.54919
  126          4.02731         3.50394         0.52337
  127          4.38748         3.60982         0.77766
  128          3.87706         3.64748         0.22958
  129          4.14304         3.68955         0.45349
  130          4.02453         3.67444         0.35009
  131          4.03036         3.75004         0.28032
  132          3.66712         3.77780        -0.11068
  133          4.22343         3.75738         0.46605
  134          4.05268         3.52889         0.52379
  135          3.93267         3.65356         0.27911
  136          4.06688         3.56410         0.50278
  137          4.15820         3.72311         0.43509
  138          3.71509         3.67295         0.04214
  139          4.20238         3.64840         0.55398
  140          4.17759         3.81595         0.36164
  141          3.28779         3.67690        -0.38911
  142          4.05566         3.64052         0.41514
  143          2.93897         3.65048        -0.71151
  144          2.93391         3.53161        -0.59771
  145          3.33260         3.77917        -0.44656
  146          3.06425         3.59974        -0.53549
  147          2.82178         3.68504        -0.86326
  148          3.28823         3.63823        -0.35000
  149          3.20096         3.61691        -0.41595
  150          2.25793         3.78275        -1.52482
  151          2.48411         3.68287        -1.19876
  152          3.41504         3.68613        -0.27109
  153          3.02429         3.68165        -0.65736
  154          3.47289         3.78630        -0.31341
  155          3.66276         3.69524        -0.03247
  156          3.75319         3.64675         0.10644
  157          3.32169         3.65554        -0.33385
  158          3.50572         3.72680        -0.22107
  159          3.57421         3.74863        -0.17442
  160          2.42317         3.72401        -1.30084
  161          2.43298         3.68688        -1.25390
  162
  163          3.18474         3.99367        -0.80893
  164          2.34601         3.73872        -1.39271
  165          2.15985         3.66379        -1.50395
  166          2.07525         3.80741        -1.73216
  167          2.18290         3.76180        -1.57890
  168          3.47522         3.77921        -0.30399
  169          3.74981         3.70547         0.04434
  170          3.63079         3.62274         0.00805
  171          2.80484         3.66632        -0.86149
  172          3.22255         3.50692        -0.28437
  173          3.12175         3.63917        -0.51742
  174          3.60175         3.64024        -0.03849
  175          2.67583         3.66880        -0.99298
  176          3.18158         3.61386        -0.43228
  177          2.80158         3.71886        -0.91729
  178          2.96133         3.62199        -0.66066
  179          2.87425         3.78149        -0.90724
  180          2.63852         4.03114        -1.39262
  181          3.64861         3.79584        -0.14723
  182          3.43579         3.80132        -0.36553
  183          3.18689         3.55958        -0.37269
  184          4.42473         3.79459         0.63014
  185          4.16105         3.70177         0.45928
  186          3.86746         3.67747         0.18999
  187          3.48024         3.98844        -0.50820
  188          9.24671         3.90489         5.34182
  189          4.93677         4.14094         0.79583
  190          4.24053         4.00108         0.23945
  191          7.34150         3.73960         3.60190
  192          3.57555         3.64623        -0.07068
  193          3.07651         3.33834        -0.26183
============================== END OF REPORT ================================



